50 100 4
19 27 39 7 
38 37
46 13
36 46
25 29
19 43
49 12
23 6
1 16
6 40
17 45
7 16
14 33
13 37
31 38
40 48
42 12
10 42
2 28
29 5
28 33
9 34
19 41
44 4
15 35
50 14
25 11
23 12
7 27
47 17
27 15
7 48
41 35
33 22
29 18
14 34
37 29
38 39
37 9
30 35
33 11
12 50
50 25
26 22
16 46
2 42
31 35
15 4
6 9
11 15
11 48
38 8
2 39
5 39
11 30
6 36
15 2
43 7
46 8
28 14
10 40
11 45
45 41
9 16
7 35
43 17
18 12
22 3
7 4
39 3
12 3
44 43
44 19
25 20
27 33
11 20
8 44
35 9
36 50
26 41
30 33
15 32
5 35
33 41
7 10
7 13
18 49
8 39
3 6
25 28
9 33
35 8
29 14
7 39
34 22
14 46
10 29
19 32
24 30
48 27
21 38
79 64 19 40 3 64 0 62 1 12 91 45 3 44 72 35 56 80 15 62 83 40 71 12 5 98 48 74 99 83 11 21 99 96 49 31 6 14 46 65 95 43 47 69 30 76 55 3 57 79 
70 21 73 23 36 45 57 56 0 34 99 1 51 27 50 2 91 8 67 76 68 62 56 58 31 83 17 57 91 36 67 29 85 92 3 62 74 56 78 9 39 37 31 2 84 39 98 64 32 49 
