50 100 4
8 5 34 1 
4 45
31 23
41 25
23 12
45 41
50 25
39 27
15 32
15 4
25 29
3 6
7 20
14 17
7 10
32 48
35 29
44 4
31 9
19 43
11 15
15 2
41 35
7 16
19 37
46 2
28 15
32 6
2 42
25 28
36 28
16 46
7 30
34 22
23 6
24 37
17 45
15 22
34 14
25 35
15 45
46 15
2 18
26 22
1 29
36 50
40 48
31 38
10 16
7 23
13 37
9 33
27 33
50 14
43 50
10 1
8 44
24 28
23 1
11 20
14 46
47 17
29 43
13 7
2 28
27 3
30 33
27 17
46 13
36 44
1 16
29 18
2 39
12 50
18 49
21 38
28 31
12 45
33 22
14 20
27 15
35 13
20 34
43 17
37 43
24 30
22 41
23 32
31 35
19 44
46 35
10 48
5 24
16 42
29 5
48 27
4 18
4 31
19 20
7 35
27 32
36 87 10 69 39 11 96 90 28 88 99 78 80 76 43 20 44 59 7 70 52 29 58 17 59 54 59 6 78 32 21 77 26 97 14 47 12 30 40 58 11 64 5 53 57 96 82 88 14 91 
39 31 45 15 77 39 56 49 5 14 76 35 59 53 30 36 69 23 99 23 68 87 91 71 68 1 38 48 70 14 42 40 87 40 87 78 31 37 49 43 31 3 38 12 86 36 91 25 95 74 
