50 100 4
29 41 3 32 
46 13
1 35
44 32
34 49
25 5
33 5
35 34
45 41
5 50
7 10
15 4
10 43
15 2
29 5
11 15
27 33
14 46
21 38
7 13
5 30
16 46
7 16
41 35
11 20
30 33
34 22
23 12
26 22
50 25
36 7
2 39
5 24
43 36
13 9
9 38
17 45
18 43
12 41
40 48
14 48
2 42
30 46
6 15
31 35
25 29
7 9
19 43
35 26
50 14
23 1
5 47
15 7
47 17
12 31
9 33
16 43
7 25
36 30
13 37
14 28
4 48
36 50
23 6
36 47
13 1
29 18
18 27
43 17
15 32
7 35
2 28
49 30
20 4
44 4
44 29
33 22
47 13
31 25
17 29
12 50
29 9
41 46
36 11
35 46
24 25
48 27
37 20
3 6
8 44
7 44
8 32
25 28
27 15
27 3
1 16
31 38
18 49
30 15
45 25
24 30
67 47 60 51 23 27 98 48 65 31 7 65 78 93 13 52 21 64 74 98 59 75 38 84 50 35 85 37 31 87 68 92 6 32 40 94 5 8 80 33 24 49 58 15 66 61 67 89 27 60 
54 74 92 53 22 95 86 72 46 89 44 9 60 87 91 43 30 87 39 43 85 16 55 86 98 93 91 29 15 89 51 32 77 10 29 57 99 39 60 5 23 90 31 48 50 19 32 69 57 92 
