50 100 4
40 37 38 11 
7 34
4 42
8 44
41 35
11 18
3 6
37 17
47 17
7 10
21 38
47 27
36 50
20 17
31 17
25 29
17 45
31 19
50 25
42 13
12 41
33 22
5 26
40 48
29 5
34 22
26 22
25 28
20 45
1 16
27 33
16 44
2 36
35 9
13 2
49 40
30 33
50 24
23 12
14 46
9 33
50 14
28 46
24 38
14 18
6 22
44 4
7 35
18 26
16 46
31 5
11 8
38 4
12 35
27 10
13 37
2 28
11 20
18 28
30 28
24 17
4 34
26 50
34 37
23 26
23 6
43 35
11 33
27 15
46 42
12 50
46 13
31 35
18 49
2 42
11 15
15 32
29 18
28 11
43 17
36 9
34 20
26 45
30 23
49 8
24 30
31 37
7 16
48 27
19 43
15 35
31 38
15 4
2 39
38 16
16 50
23 9
39 48
6 21
45 41
15 2
49 96 85 50 55 95 90 33 85 72 82 69 6 22 6 74 81 41 7 74 65 41 58 41 86 77 34 65 6 57 59 80 34 85 14 42 38 59 19 29 88 90 54 51 100 57 58 17 8 0 
25 83 79 55 5 7 18 50 21 95 18 11 19 81 71 36 78 31 54 95 38 92 15 70 43 54 89 90 43 40 49 5 80 4 31 87 49 1 44 60 53 52 91 37 52 51 30 79 7 82 
