50 100 4
27 46 44 9 
21 38
46 12
46 13
22 14
34 22
14 46
50 25
31 17
2 18
7 16
19 12
13 37
18 37
49 42
40 48
37 19
31 22
22 41
5 24
8 44
17 45
15 32
41 38
43 17
32 38
45 41
37 1
46 5
46 43
11 20
7 35
12 1
15 25
7 10
32 29
4 24
39 11
4 22
24 23
45 4
6 19
9 26
41 35
1 16
23 49
9 33
49 37
19 43
31 35
14 10
48 27
15 29
36 11
29 5
22 39
27 33
23 22
27 15
29 3
25 42
23 6
44 4
44 39
18 49
12 6
11 34
30 33
29 18
16 46
2 39
40 5
11 15
25 29
46 2
50 48
6 16
2 28
33 38
47 17
36 18
36 50
9 20
10 42
2 42
26 22
23 12
37 30
30 1
2 8
15 2
25 28
12 50
15 4
33 22
3 6
31 38
50 14
30 16
2 43
24 30
41 91 100 84 12 56 23 28 59 56 44 91 27 57 10 72 17 32 87 55 85 80 55 83 75 100 90 1 53 31 87 78 85 94 10 4 53 55 4 33 86 88 77 58 14 23 65 66 32 42 
22 80 26 8 12 11 26 14 5 69 28 9 17 32 24 29 41 5 11 1 43 26 78 26 26 67 11 31 10 79 8 16 15 22 79 17 34 51 69 5 42 19 51 70 1 42 7 95 51 31 
