50 100 4
7 31 4 23 
13 37
12 50
24 22
25 29
28 11
22 50
29 41
7 35
27 26
18 5
15 24
30 6
24 17
9 33
18 49
42 18
18 26
36 50
37 40
2 39
2 28
48 14
17 28
31 38
47 17
23 4
22 36
34 22
14 10
23 12
40 18
32 42
11 20
29 18
27 33
25 47
8 44
42 22
15 4
24 2
7 14
12 20
9 6
29 23
38 20
3 6
31 40
11 22
19 43
12 41
1 16
33 8
41 35
10 33
46 11
43 17
30 33
21 38
40 48
9 42
48 27
10 21
5 38
34 36
14 2
46 13
49 24
14 46
7 16
45 41
4 28
29 5
2 42
50 25
27 15
45 40
24 30
23 6
7 10
15 32
33 22
25 28
20 46
2 47
46 7
45 25
22 39
19 36
50 14
26 22
49 16
50 33
31 23
44 4
11 15
31 35
16 46
16 48
17 45
15 2
95 91 43 42 30 45 76 94 18 45 46 91 81 40 54 79 46 45 45 30 72 99 100 45 19 22 74 9 77 34 58 0 65 38 68 72 78 23 33 68 17 60 43 59 97 50 33 76 4 10 
38 53 26 42 50 59 16 6 2 67 65 85 22 48 56 31 68 29 9 89 56 94 40 79 86 27 51 18 66 29 50 24 54 32 80 100 98 44 82 1 71 61 25 30 97 26 83 60 86 81 
