50 100 4
15 6 7 34 
31 38
17 45
15 2
12 26
2 28
1 49
11 20
25 29
15 32
10 16
43 5
25 28
23 31
3 6
30 33
29 18
40 48
29 5
48 27
24 30
11 46
43 17
24 39
39 20
30 31
5 6
18 13
32 48
33 22
27 15
13 37
31 35
42 5
9 33
23 6
28 41
26 22
24 20
7 35
23 32
16 27
38 33
38 11
11 42
17 5
8 44
6 38
17 18
50 14
7 10
43 1
50 25
43 47
21 19
21 4
26 36
21 38
45 41
34 22
16 46
43 23
36 5
45 48
11 15
41 2
15 4
14 46
38 13
9 25
41 35
41 5
31 15
19 43
2 39
46 13
17 28
40 30
36 15
12 50
47 37
44 4
36 50
18 41
31 9
43 25
1 16
23 12
18 49
37 3
28 3
4 34
36 24
47 17
2 42
7 16
44 12
27 33
10 39
46 50
5 40
33 72 39 57 24 23 36 33 73 25 100 5 13 25 61 13 66 97 18 29 25 36 33 15 33 18 11 55 43 99 26 14 84 60 56 26 12 27 6 53 92 20 4 90 80 33 96 23 0 67 
53 91 1 74 60 72 65 7 47 10 27 30 41 48 45 19 29 55 58 22 63 56 8 79 81 25 23 96 9 33 89 89 67 94 95 45 33 14 93 83 49 100 15 32 51 70 15 7 83 77 
