50 100 4
34 19 41 3 
45 38
44 18
14 4
27 23
15 30
45 41
25 28
20 21
17 45
45 32
14 46
50 32
44 4
23 20
39 47
15 4
8 27
42 35
21 38
25 29
47 44
2 39
26 22
16 46
26 11
27 39
47 35
29 18
48 39
34 22
6 17
44 2
30 10
18 5
19 43
49 25
12 5
19 33
11 20
2 28
10 21
2 42
31 9
46 3
15 2
10 1
28 37
48 27
30 33
3 6
41 35
2 7
1 16
27 15
7 35
33 21
36 50
37 43
25 21
39 28
43 17
29 5
18 49
50 25
12 50
5 48
39 12
46 13
13 37
47 17
23 6
15 32
39 19
31 38
7 10
11 15
15 10
34 8
30 12
33 22
19 36
31 35
23 12
15 36
27 33
7 16
12 41
8 44
18 36
24 36
42 46
33 40
50 14
24 30
31 27
40 48
22 42
9 33
22 50
4 11
282 846 287 851 612 13 622 195 209 876 166 448 861 766 135 37 778 925 435 946 936 260 666 24 452 538 67 42 976 443 991 256 741 336 903 823 538 926 589 551 821 40 119 947 941 671 296 751 49 499 
463 843 794 167 975 117 94 80 960 692 458 897 540 389 734 319 450 731 691 64 459 929 475 942 332 759 644 709 11 422 867 57 327 674 625 162 208 133 140 257 259 824 416 186 244 904 332 705 287 939 
