50 100 4
45 32 9 33 
20 44
19 43
21 41
3 6
44 4
7 35
47 17
15 33
47 22
15 2
32 26
8 37
25 44
15 4
6 13
18 31
7 6
35 40
8 11
26 44
14 48
13 21
19 49
39 47
7 10
29 11
48 27
49 8
23 12
33 22
12 9
45 41
11 20
40 42
17 18
13 37
2 21
6 18
20 17
42 45
48 3
25 29
38 11
10 5
36 50
22 48
42 22
29 39
30 33
46 13
21 38
3 15
50 25
12 50
28 27
27 15
16 46
1 16
50 14
18 4
18 49
1 35
27 33
34 22
31 46
23 6
49 10
43 17
6 28
29 5
15 32
24 29
34 37
7 39
28 35
2 28
14 44
31 38
25 28
11 15
32 19
23 45
14 46
40 48
7 16
26 22
31 35
9 33
8 44
20 10
2 39
41 35
17 45
29 18
34 20
6 27
24 30
2 42
40 7
37 29
63 13 550 172 410 906 65 868 596 479 291 737 73 526 182 927 483 16 160 871 827 640 54 78 778 858 229 846 890 140 842 299 643 558 277 902 205 217 516 245 696 252 384 283 171 321 537 597 634 197 
873 456 568 712 639 192 6 5 345 827 569 684 442 199 232 863 577 850 326 100 336 554 43 855 402 147 884 794 169 432 218 968 474 479 275 426 409 954 748 653 410 240 456 160 969 296 470 753 525 593 
