50 100 4
15 28 48 23 
11 20
48 27
15 44
4 50
22 37
36 19
47 17
25 29
2 28
45 41
15 32
50 42
7 35
28 27
43 17
23 6
6 20
12 41
26 5
30 42
18 10
24 5
7 16
1 11
17 45
50 14
19 43
40 46
18 49
36 27
24 30
36 34
29 5
1 16
2 42
3 2
21 34
18 50
20 12
32 26
7 10
13 37
45 23
3 6
34 22
43 13
31 35
40 48
26 22
27 33
47 5
1 19
45 2
6 42
29 32
11 31
50 25
21 40
2 39
12 50
44 4
11 15
8 44
25 28
30 33
23 12
38 6
1 14
34 47
19 44
15 24
30 3
1 21
38 47
9 33
15 2
39 9
6 4
13 42
17 31
14 46
4 42
21 7
43 39
21 43
21 38
19 45
48 28
41 35
31 38
46 13
27 15
16 46
4 11
15 4
29 18
36 5
36 50
33 22
1 36
870 926 766 536 175 828 406 367 346 138 534 136 365 3 532 98 287 20 113 649 62 619 637 26 702 203 170 412 216 794 533 602 588 372 917 147 149 828 83 861 795 179 699 727 259 227 35 164 505 322 
275 601 664 169 382 947 923 761 445 721 594 114 320 8 174 932 439 136 9 228 616 257 203 910 424 716 778 330 203 644 124 301 291 210 711 284 943 190 1000 303 385 667 22 93 121 777 543 368 972 346 
