50 100 10
36 34 45 21 42 47 48 20 4 11 
12 6
31 38
23 24
2 28
8 28
9 5
45 41
7 10
9 33
41 35
40 24
30 33
27 33
33 22
2 5
40 48
48 28
21 8
11 20
2 6
5 23
50 14
19 43
24 43
1 40
29 18
44 11
50 25
7 35
26 22
27 44
17 45
30 25
15 4
40 10
15 2
31 35
25 28
35 45
3 6
43 17
44 4
25 29
21 15
46 13
2 39
32 39
48 27
37 44
27 19
8 3
33 17
33 8
25 14
16 46
13 37
22 50
26 24
26 4
24 13
3 17
11 15
27 15
1 16
40 11
36 50
15 32
26 46
4 47
21 38
8 30
34 44
9 1
23 12
18 49
23 17
15 36
34 28
34 22
2 42
47 17
12 50
5 24
37 27
15 26
48 31
44 38
24 30
22 30
23 6
14 46
7 44
10 22
8 36
12 13
29 5
8 44
49 15
35 5
7 16
664 216 67 579 607 573 563 185 74 95 260 152 995 257 851 252 488 300 382 975 745 47 15 343 967 768 319 47 109 563 676 800 293 318 91 506 288 533 888 815 957 807 680 389 985 428 123 583 95 897 
844 259 337 283 625 504 746 291 870 143 336 948 412 879 227 448 40 681 851 91 792 313 991 28 920 558 444 789 681 845 420 43 390 160 484 827 954 866 192 607 580 941 36 17 329 131 77 824 594 274 
