50 100 10
14 27 45 37 48 44 2 43 23 36 
3 25
26 22
46 13
20 39
24 30
31 35
15 32
46 41
39 45
7 35
27 33
29 18
46 28
17 45
19 43
50 14
24 1
31 14
32 25
29 44
21 39
1 16
8 44
40 48
45 41
23 6
9 30
34 22
21 38
22 17
18 49
25 29
46 48
2 28
33 22
15 4
21 34
50 48
45 8
30 42
20 28
9 42
21 11
38 24
31 1
11 20
21 35
31 38
25 28
48 27
7 16
15 2
29 37
45 19
17 28
27 46
14 46
40 22
18 12
30 33
25 27
47 10
23 12
27 15
38 32
11 15
50 25
12 50
44 4
38 28
10 36
9 33
36 50
50 10
2 39
2 42
28 3
6 42
7 10
16 46
41 35
3 6
9 1
2 31
19 4
43 17
30 18
9 24
36 34
48 25
35 43
7 50
27 31
13 33
29 5
47 17
13 37
49 34
28 49
22 10
226 650 735 578 863 875 554 249 732 186 153 980 890 624 454 681 17 779 133 858 980 816 356 770 248 59 374 484 682 290 230 482 324 779 807 978 204 440 480 688 117 375 654 911 460 995 591 206 714 502 
125 271 906 690 751 304 986 360 105 240 722 301 310 470 547 148 538 685 526 743 993 864 846 679 993 71 339 732 398 550 120 145 236 290 105 28 287 850 481 665 199 150 187 330 20 654 815 197 325 187 
