50 100 10
16 36 32 24 17 13 7 49 46 3 
9 33
27 37
26 37
5 42
2 28
42 29
19 43
11 41
43 35
37 29
30 18
22 40
23 12
30 19
7 10
43 2
18 49
9 50
31 38
21 38
3 6
27 5
15 4
17 45
48 27
4 23
46 7
30 33
27 15
13 32
15 34
1 16
35 29
16 46
2 39
2 42
6 44
23 17
9 23
37 24
38 30
14 46
50 25
26 22
5 15
43 17
46 13
13 27
7 16
30 29
21 41
12 50
34 50
41 35
29 18
7 43
4 28
15 2
47 6
11 20
7 35
1 28
27 33
24 30
24 17
7 42
8 25
33 22
29 5
8 44
11 14
34 22
6 30
44 4
9 14
19 41
28 34
13 37
42 48
40 48
50 37
2 17
10 45
23 6
25 44
23 47
25 28
11 15
47 49
36 50
45 41
47 31
15 32
31 35
32 16
25 29
20 24
47 17
50 14
50 22
865 403 920 398 412 218 98 155 509 208 712 461 157 280 507 856 552 464 321 855 76 909 747 280 575 766 154 111 855 614 748 705 169 718 85 300 922 742 632 73 12 979 924 388 218 189 42 756 193 733 
575 596 6 465 925 770 449 883 334 423 325 809 423 987 254 546 717 133 767 693 464 129 156 534 798 381 532 807 730 713 86 478 804 993 396 796 331 296 688 509 207 689 375 605 54 943 224 176 342 166 
