100 100 1
94 
57 27
32 62
43 47
42 89
36 100
40 44
18 51
81 85
15 43
89 10
32 11
96 94
46 94
25 57
38 51
8 31
88 93
6 63
83 7
76 7
95 97
1 89
58 22
67 54
62 18
19 95
33 8
37 14
23 94
20 70
26 13
43 80
12 75
40 68
26 20
75 20
61 96
59 5
62 41
40 65
65 63
42 5
55 37
88 75
6 8
15 56
23 72
80 10
3 75
90 79
24 60
84 66
38 4
33 47
35 95
38 94
18 100
55 74
69 14
56 97
84 4
9 59
67 5
52 47
33 73
50 30
62 17
53 12
45 87
28 96
91 84
99 77
7 51
62 79
48 93
45 43
52 46
74 81
98 56
92 57
46 29
94 16
46 2
58 83
74 44
76 64
6 82
85 21
24 10
12 99
65 42
59 71
31 78
92 51
49 94
39 59
86 30
49 12
65 86
34 98
2 5 1 9 2 1 1 3 0 1 8 3 1 3 6 5 10 10 2 2 9 5 6 6 8 2 7 5 9 3 4 1 8 7 9 9 2 2 0 10 6 0 5 3 8 7 3 2 1 5 1 1 7 1 0 4 3 10 6 6 4 5 8 5 8 0 1 10 0 10 10 0 0 2 6 4 9 6 10 10 8 3 5 1 0 8 0 0 10 5 6 10 6 5 5 5 10 9 1 10 
0 1 1 9 4 1 10 5 8 4 0 8 3 7 3 1 0 2 3 6 5 5 1 7 10 4 2 9 5 10 1 5 5 9 9 8 2 6 5 1 7 2 10 0 3 7 10 0 1 9 8 9 4 9 3 5 2 8 7 4 4 6 2 6 3 3 10 7 6 5 5 1 10 9 3 2 2 6 1 4 0 5 2 7 6 10 5 7 6 6 5 7 2 10 7 4 4 8 1 1 
