100 100 2
16 90 
62 17
32 11
52 46
96 94
49 12
43 47
62 79
57 27
56 97
40 65
85 21
1 89
34 98
74 44
88 93
8 31
76 7
55 74
3 75
7 51
12 99
26 13
46 29
6 82
52 47
80 10
23 72
59 5
48 93
92 51
15 56
46 94
83 7
35 95
53 12
36 100
33 47
38 51
55 37
58 83
18 100
61 96
94 16
24 10
33 73
20 70
24 60
88 75
38 94
84 4
45 87
95 97
76 64
23 94
40 44
32 62
92 57
18 51
99 77
89 10
42 89
38 4
6 8
12 75
75 20
18 43
46 2
62 41
9 59
33 8
91 84
49 94
69 14
39 59
15 43
65 86
31 78
98 56
40 68
6 63
67 54
58 22
59 71
65 42
84 66
81 85
43 80
50 30
86 30
42 5
62 18
74 81
25 57
45 43
67 5
19 95
37 14
26 20
90 79
28 96
793 461 581 480 160 102 40 734 945 230 37 296 656 981 415 276 826 977 391 822 853 391 14 884 421 652 821 442 405 519 816 820 751 86 987 810 502 637 240 460 353 704 279 85 29 95 893 531 561 898 903 67 495 759 833 658 878 668 381 309 319 446 372 973 448 309 66 809 338 879 121 93 557 760 438 425 762 527 780 665 416 14 724 221 800 25 830 650 978 468 102 735 663 661 367 258 23 475 831 254 
0 0 0 0 0 2 0 1 0 0 0 2 1 2 1 1 0 0 1 1 1 0 2 0 1 2 0 1 0 2 2 2 2 0 0 0 1 1 2 1 0 2 2 0 0 2 0 2 1 2 2 1 0 2 0 0 1 0 2 2 0 1 0 1 0 0 2 1 1 2 2 2 2 2 0 1 2 1 0 0 2 1 0 2 0 2 0 0 2 2 0 2 2 1 1 2 2 1 0 0 
