70 100 1
10 
61 60
61 35
25 18
22 46
10 53
27 59
9 44
29 4
38 60
36 67
40 24
13 59
54 67
64 25
62 43
65 34
32 23
63 51
36 8
12 32
47 56
56 25
46 69
34 60
35 19
40 30
49 40
6 32
28 40
69 20
17 48
11 16
55 8
51 68
59 29
9 2
21 12
3 10
21 18
59 69
4 10
37 36
61 33
37 19
8 56
11 50
18 16
2 19
43 30
9 15
27 25
1 35
3 4
28 12
20 60
16 44
50 62
23 49
19 43
3 23
10 66
7 3
26 48
15 25
66 42
23 33
31 22
70 55
61 31
33 52
2 39
31 37
63 67
6 34
65 16
12 8
70 6
39 30
49 29
70 58
52 19
29 5
62 41
33 43
65 24
34 57
45 22
63 41
45 14
41 44
63 35
65 15
14 59
8 6
33 16
67 57
65 35
26 60
66 32
36 59
679 995 373 862 165 401 94 906 434 969 363 115 28 287 132 128 258 848 870 399 882 85 630 775 458 186 439 197 928 560 680 790 292 985 94 949 144 934 454 549 895 380 96 157 704 920 148 817 479 613 475 704 268 931 130 39 835 814 167 468 221 358 591 183 105 171 157 791 290 802 
751 154 851 358 274 837 133 117 774 576 803 904 427 941 961 151 984 91 246 274 773 936 496 771 297 321 999 864 383 124 811 647 834 713 539 241 312 391 512 538 670 856 795 77 972 551 487 247 716 915 612 631 161 81 817 309 166 17 649 111 287 669 409 7 186 922 644 936 663 152 
