70 100 30
53 58 68 32 13 65 5 29 33 18 34 20 27 56 8 47 42 52 69 57 35 39 23 17 3 44 45 9 21 12 
70 55
40 30
64 3
23 49
23 33
61 31
16 44
33 43
2 19
1 13
6 34
56 35
48 19
70 58
45 14
12 8
41 44
66 20
28 7
19 43
28 12
54 67
12 51
36 8
14 59
24 3
50 6
8 56
17 48
70 63
53 14
36 67
2 39
50 62
7 3
11 50
43 47
62 41
38 41
60 50
13 59
3 10
29 4
31 22
27 59
9 44
64 25
3 23
26 48
65 16
36 59
59 29
12 19
63 41
33 9
35 13
1 38
53 21
63 51
10 53
61 33
33 52
38 60
25 41
26 60
66 42
52 34
21 18
65 15
34 60
6 37
20 60
39 30
1 35
65 24
22 46
29 5
55 8
62 36
64 38
10 66
56 25
59 69
49 29
55 60
51 8
44 25
47 56
69 20
31 37
35 47
66 32
35 19
55 10
51 68
26 47
21 12
34 57
63 35
40 24
744 105 527 589 664 422 887 942 405 203 762 196 789 991 902 393 354 53 704 632 192 946 310 390 399 423 158 183 596 965 660 425 253 205 131 82 839 321 869 570 70 532 892 223 147 628 125 301 124 80 457 520 162 390 544 670 740 145 926 170 694 308 762 311 701 905 521 484 934 303 
764 551 974 930 749 661 720 502 516 440 471 966 354 148 157 303 108 722 328 892 30 397 74 493 229 981 850 549 835 629 356 373 541 234 511 514 96 568 518 938 834 865 833 164 738 983 11 577 310 389 84 369 538 761 959 637 736 935 674 138 360 593 414 135 287 894 442 318 369 499 
