70 100 30
39 57 9 61 68 67 22 56 7 63 25 59 64 45 1 6 34 12 27 33 8 20 46 35 23 52 58 14 38 43 
12 8
14 69
31 56
22 46
9 44
66 32
8 56
50 62
10 53
64 7
61 31
2 39
7 3
17 48
64 25
63 41
65 24
33 52
41 44
65 15
41 50
35 29
70 55
33 43
69 20
55 8
31 22
26 48
27 59
18 38
3 10
43 14
21 18
13 59
47 56
35 19
63 51
45 14
3 23
2 19
63 35
64 52
62 41
11 50
68 35
23 49
36 67
26 25
20 60
40 30
8 31
65 16
36 8
28 61
34 57
18 2
28 12
28 44
14 59
19 28
70 11
54 67
7 14
49 29
44 4
56 25
1 35
19 43
51 68
31 37
16 20
70 40
40 24
64 6
65 9
34 60
23 38
29 4
16 44
47 64
19 58
26 60
36 59
10 66
61 33
66 42
70 58
21 38
27 64
21 12
6 34
29 14
29 5
53 8
45 5
42 27
38 60
23 33
59 29
59 69
811 107 645 325 82 166 526 988 971 742 206 559 824 954 788 588 775 942 628 602 531 761 458 696 271 259 147 929 380 157 553 511 17 844 141 958 35 391 743 766 143 677 489 399 438 786 137 57 933 530 201 283 780 649 980 823 999 800 891 358 523 748 965 152 955 519 501 7 444 896 
0 0 0 0 0 0 0 0 0 0 0 0 0 0 0 0 0 0 0 0 0 0 0 0 0 0 0 0 0 0 0 0 0 0 0 0 0 0 0 0 0 0 0 0 0 0 0 0 0 0 0 0 0 0 0 0 0 0 0 0 0 0 0 0 0 0 0 0 0 0 
