70 100 30
33 39 20 59 29 28 69 48 16 55 51 66 27 43 32 44 7 14 64 58 1 25 26 56 4 13 22 10 67 37 
31 37
30 10
16 44
69 2
13 59
66 42
30 45
38 60
1 17
9 44
17 48
63 35
3 23
41 44
2 1
1 21
19 43
21 12
6 34
12 35
45 14
62 41
34 57
31 22
40 30
63 51
27 53
36 8
2 42
47 56
27 59
63 41
27 61
24 52
18 67
7 3
55 8
11 50
10 66
59 69
61 33
40 24
13 34
65 15
39 67
69 20
23 49
34 26
56 25
1 35
55 44
65 16
23 33
39 12
64 25
21 18
3 10
9 51
62 4
32 49
26 60
70 58
51 68
54 67
17 42
21 48
65 24
52 28
10 53
36 59
2 39
40 36
33 43
61 31
34 60
14 59
36 67
50 62
66 32
67 44
8 56
29 5
26 48
4 52
32 50
33 52
59 29
41 47
35 19
70 55
49 29
44 52
22 46
28 12
20 60
29 4
2 19
12 8
27 69
45 58
331 491 89 352 409 221 29 343 389 365 101 31 213 187 276 367 17 257 248 336 511 48 483 212 221 305 230 263 296 28 8 279 51 85 115 272 264 140 216 386 470 410 274 224 96 118 10 406 484 132 488 87 357 133 349 243 256 280 405 145 102 235 256 159 309 207 366 383 353 364 
0 0 0 0 0 0 0 0 0 0 0 0 0 0 0 0 0 0 0 0 0 0 0 0 0 0 0 0 0 0 0 0 0 0 0 0 0 0 0 0 0 0 0 0 0 0 0 0 0 0 0 0 0 0 0 0 0 0 0 0 0 0 0 0 0 0 0 0 0 0 
