70 100 30
12 52 16 36 21 69 42 19 55 46 14 33 48 60 23 32 37 63 47 26 38 2 45 18 35 34 66 64 6 11 
34 60
50 62
59 29
33 52
35 19
26 60
2 9
36 8
13 56
3 10
70 55
11 50
61 31
22 46
62 47
36 59
31 63
56 41
38 43
36 67
39 56
34 57
31 37
62 15
49 29
23 33
69 43
25 10
47 61
9 24
2 19
49 31
30 43
21 18
55 8
20 28
65 15
7 27
47 56
54 67
1 18
45 14
63 51
33 43
61 33
70 62
69 20
65 16
9 44
17 11
8 56
62 41
59 69
57 60
27 59
51 20
1 35
10 66
17 48
20 60
14 59
41 44
64 25
70 58
38 60
19 43
29 4
29 5
16 44
68 62
13 59
51 68
12 8
61 17
23 49
7 3
49 39
31 22
63 41
21 12
10 53
40 30
66 32
40 24
16 28
40 10
42 3
30 35
6 34
51 50
28 12
2 39
3 23
65 24
63 35
56 25
26 48
14 63
8 42
66 42
0 0 0 0 0 0 0 0 0 0 0 0 0 0 0 0 0 0 0 0 0 0 0 0 0 0 0 0 0 0 0 0 0 0 0 0 0 0 0 0 0 0 0 0 0 0 0 0 0 0 0 0 0 0 0 0 0 0 0 0 0 0 0 0 0 0 0 0 0 0 
0 0 0 0 0 0 0 0 0 0 0 0 0 0 0 0 0 0 0 0 0 0 0 0 0 0 0 0 0 0 0 0 0 0 0 0 0 0 0 0 0 0 0 0 0 0 0 0 0 0 0 0 0 0 0 0 0 0 0 0 0 0 0 0 0 0 0 0 0 0 
