100 100 25
13 87 28 12 42 58 26 62 84 45 6 10 34 39 48 70 85 1 47 78 97 100 35 94 55 
92 51
46 94
86 30
37 14
92 57
61 96
59 5
90 79
12 99
59 71
88 93
84 66
96 94
67 5
38 51
69 14
7 51
67 54
88 75
23 72
46 2
15 56
12 75
23 94
40 68
52 47
26 13
24 10
91 84
8 31
83 7
46 29
85 21
33 73
20 70
35 95
26 20
38 94
58 22
43 80
32 11
62 79
55 74
45 87
18 51
40 65
53 12
19 95
45 43
49 12
95 97
6 63
65 86
62 17
74 44
33 8
42 5
76 7
99 77
25 57
48 93
80 10
24 60
15 43
81 85
57 27
94 16
9 59
1 89
6 82
62 18
3 75
49 13
55 37
28 96
18 100
98 56
39 59
65 42
40 44
43 47
38 4
50 30
49 94
6 8
42 89
58 83
89 10
56 97
84 4
31 78
74 81
33 47
62 41
76 64
52 46
34 98
36 100
32 62
75 20
416 811 319 904 408 945 340 556 784 829 133 826 751 883 787 807 640 982 404 291 616 792 42 868 178 101 800 691 815 49 477 32 625 470 678 437 444 484 839 708 92 21 511 404 288 552 259 499 643 8 473 621 87 544 124 996 425 472 854 305 665 800 582 953 525 989 361 104 441 54 27 721 94 501 759 236 936 829 469 68 625 116 621 756 733 910 294 571 233 713 234 106 891 163 555 200 304 311 835 887 
410 971 97 713 941 679 599 426 869 430 120 649 95 961 882 121 950 829 658 625 755 883 41 679 959 919 909 447 779 491 215 849 818 321 404 456 198 519 828 15 397 543 18 990 861 902 260 727 416 65 612 118 595 861 583 579 652 575 103 56 276 439 143 583 19 174 885 174 636 184 324 681 31 183 946 860 278 2 40 268 945 136 360 67 620 0 748 566 398 125 47 316 447 792 788 542 479 909 825 903 
