100 99 1
100
1 2
2 3
3 4
4 5
5 6
6 7
7 8
8 9
9 10
10 11
11 12
12 13
13 14
14 15
15 16
16 17
17 18
18 19
19 20
20 21
21 22
22 23
23 24
24 25
25 26
26 27
27 28
28 29
29 30
30 31
31 32
32 33
33 34
34 35
35 36
36 37
37 38
38 39
39 40
40 41
41 42
42 43
43 44
44 45
45 46
46 47
47 48
48 49
49 50
50 51
51 52
52 53
53 54
54 55
55 56
56 57
57 58
58 59
59 60
60 61
61 62
62 63
63 64
64 65
65 66
66 67
67 68
68 69
69 70
70 71
71 72
72 73
73 74
74 75
75 76
76 77
77 78
78 79
79 80
80 81
81 82
82 83
83 84
84 85
85 86
86 87
87 88
88 89
89 90
90 91
91 92
92 93
93 94
94 95
95 96
96 97
97 98
98 99
99 100
578 515 116 776 546 712 121 349 123 547 934 454 590 225 489 114 551 118 454 747 715 9 206 283 60 17 890 637 820 37 34 613 813 745 619 671 858 118 177 761 448 540 843 963 671 805 170 61 505 336 970 976 10 745 752 978 735 764 526 11 171 721 791 109 844 47 682 863 234 459 273 948 352 720 863 384 238 843 895 532 370 303 838 665 511 496 776 409 42 321 532 822 132 663 88 462 248 904 867 116 
843 55 148 155 419 918 324 97 460 225 277 871 70 442 151 184 562 81 51 853 994 152 767 635 143 622 979 895 616 78 951 857 911 536 286 387 620 124 774 452 623 896 717 262 218 769 611 868 178 15 139 608 941 185 612 781 719 555 56 652 64 801 770 77 408 589 104 227 434 537 685 746 636 822 824 824 972 722 967 599 104 221 435 856 991 64 873 847 729 874 673 211 641 871 598 27 392 290 177 351 
