100 99 1
50
1 2
2 3
3 4
4 5
5 6
6 7
7 8
8 9
9 10
10 11
11 12
12 13
13 14
14 15
15 16
16 17
17 18
18 19
19 20
20 21
21 22
22 23
23 24
24 25
25 26
26 27
27 28
28 29
29 30
30 31
31 32
32 33
33 34
34 35
35 36
36 37
37 38
38 39
39 40
40 41
41 42
42 43
43 44
44 45
45 46
46 47
47 48
48 49
49 50
50 51
51 52
52 53
53 54
54 55
55 56
56 57
57 58
58 59
59 60
60 61
61 62
62 63
63 64
64 65
65 66
66 67
67 68
68 69
69 70
70 71
71 72
72 73
73 74
74 75
75 76
76 77
77 78
78 79
79 80
80 81
81 82
82 83
83 84
84 85
85 86
86 87
87 88
88 89
89 90
90 91
91 92
92 93
93 94
94 95
95 96
96 97
97 98
98 99
99 100
156 970 538 43 435 570 1 348 774 175 157 374 990 166 110 853 236 334 210 992 719 337 708 576 678 330 495 874 499 405 409 880 643 645 913 987 470 350 892 859 806 142 494 71 248 935 706 331 458 350 878 697 28 261 469 80 451 994 655 8 212 25 139 836 234 88 193 628 514 579 545 947 176 585 850 543 840 732 520 452 334 277 551 860 862 586 424 981 423 196 742 93 349 75 151 987 433 338 987 444 
786 443 115 815 893 320 735 869 793 466 784 683 975 32 754 867 636 149 410 145 651 866 286 66 387 157 879 967 70 759 351 321 754 277 287 909 553 839 591 338 173 821 445 36 581 633 145 435 54 280 519 174 25 385 469 575 159 547 473 960 496 189 196 651 512 926 85 786 794 279 838 339 6 275 750 51 250 333 164 924 220 821 282 328 303 265 771 600 840 336 536 387 982 79 127 592 99 78 694 569 
