100 99 1
1
1 2
2 3
3 4
4 5
5 6
6 7
7 8
8 9
9 10
10 11
11 12
12 13
13 14
14 15
15 16
16 17
17 18
18 19
19 20
20 21
21 22
22 23
23 24
24 25
25 26
26 27
27 28
28 29
29 30
30 31
31 32
32 33
33 34
34 35
35 36
36 37
37 38
38 39
39 40
40 41
41 42
42 43
43 44
44 45
45 46
46 47
47 48
48 49
49 50
50 51
51 52
52 53
53 54
54 55
55 56
56 57
57 58
58 59
59 60
60 61
61 62
62 63
63 64
64 65
65 66
66 67
67 68
68 69
69 70
70 71
71 72
72 73
73 74
74 75
75 76
76 77
77 78
78 79
79 80
80 81
81 82
82 83
83 84
84 85
85 86
86 87
87 88
88 89
89 90
90 91
91 92
92 93
93 94
94 95
95 96
96 97
97 98
98 99
99 100
279 136 845 64 79 741 938 449 275 60 542 250 655 918 840 66 238 839 552 407 907 746 723 979 640 941 293 442 313 664 682 69 976 387 580 880 544 207 843 312 239 301 201 613 868 911 656 417 957 519 699 643 293 733 843 557 737 420 392 314 606 402 660 923 320 865 920 607 617 736 185 658 733 878 883 859 389 526 436 961 383 669 124 938 507 678 262 473 299 147 762 137 377 982 588 118 518 371 459 317 
194 850 230 467 533 340 327 611 879 681 971 789 308 124 115 733 100 819 659 16 893 794 579 676 245 832 16 326 418 181 101 791 677 465 735 878 992 505 739 684 107 592 65 22 106 598 737 29 887 202 133 523 973 452 363 576 414 367 903 618 624 386 804 164 690 715 591 184 441 363 591 439 592 534 306 165 569 751 907 75 286 308 29 124 32 31 395 655 941 223 36 326 482 140 732 705 532 871 750 30 
